P2 [9 60 125 127]
P3 [2 46 49 111 121 122 123 127]
P4 [3 58 66 112 117]
P5 []
P7 [24 41 76 100]
P8 [9 43 58 82 107]
P9 [32 61]
P11 [10 18 39 48 52 67 70 76 86 102 119 138]
P12 [32 95]
P13 [15 20 25 39 45 64 87 99 100 104 123 134 135 139 141 142]
P14 [7 17 44 93 144]
P15 [40 54 66 72]
P16 [2 57 66 70 102 108 131]
P17 [36 46 64 142]
P18 [36 63 90 108 125 131]
P19 [5 37 53 101 123]
P20 [40]
P21 [19 54 69 75 138]
P22 [24 41 42]
P24 [27 73 124]
P25 [4 15 31 45 46 54 55 56 68 69 75 76 78 92 100 101 107 114 116 117 119 122 127 131 135 142]
P27 [6 8 54 59 111 126 141]
P28 [40 78 89 111 137 142]
P29 [2 47 59 83 87 90]
P30 [7 15 29 38 42 60 86 99 112 128 144]
P31 [14 27 48 67 69 70 95 117]
P33 [7 51 57 113 140]
P34 [7 35 39 76 79 80 87 101 104]
P35 [36]
P36 [51 54 71 96 106 110 131]
P37 [8 13 20 31 53 62 70 74 97 98 102 103 135 141]
P38 [56 91 102 137 141]
P39 [4 35 43 65 71 73 85 99 114 126]
P40 [5 22 30 36 43 57 59 60 68 76 85 90 95 100 103 114 126 127 131]
P41 [4 16 19 26 27 35 40 61 67 76 86 90 97 99 100 103 105 113 124 125]
P42 [9 28 56 68 70 88 97 116 117 119 131 139]
P43 [4 38 47 55 76 91 96 127]
P44 [3 60 69 104 105]
P45 [6 13 14 102 122 123 134 140]
P46 [24 50 70 76 109 131 139]
P47 [46 113 139]
P48 [6 11 19 22 31 42 53 58 66 72 75 77 91 95 100 105 110 113 120 122]
P49 [84]
P50 [2 30 39 54 80 89 121 134]
