P2 [1 21 36 64 82 165 201 248 283]
P3 [4 6 12 16 23 42 87 95 157 173 199 229 232 251 276]
P4 [1 10 24 124 184 198]
P5 [58 107 254 268 283]
P7 [75 87 144 160 196 219]
P8 [64 96 115 141 161 170 174 197 204 208 217 266]
P9 [4 62 106 174 244 270]
P11 [6 16 29 36 60 87 112 116 124 131 147 166 167 210 243 260 274]
P12 [51 99 131 227 247]
P13 [20 30 36 38 47 51 62 100 125 147 163 176 190 191 193 198 238 242 249 251 252 262 278]
P14 [9 26 91 207]
P15 [2 77 111 131 173 204 229 238 269 279]
P16 [19 20 45 61 71 91 125 138 142 146 153 167 176 219 271]
P17 [23 28 61 71 95 133 156 211 240 255 269]
P18 [4 63 96 123 160 185 222 226 282]
P19 [28 32 54 66 108 116 123 141 146 147 167 194 208 236 248 257 270]
P20 [14 41 93 95 194 256 269]
P21 [1 24 45 71 93 116 184 190 224]
P22 [66 203 225 234]
P24 [12 22 78 164 168 196 211 239 240 255 280]
P25 [4 6 17 25 55 68 71 72 80 85 92 93 129 141 145 153 165 170 172 174 175 178 182 194 198 199 205 206 207 210 217 221 222 224 225 229 237 239 245 246 251 257 258 262 263 264 268 269 270 275 277 278 279 280 284 285]
P27 [27 38 51 88 90 94 127 176]
P28 [44 61 78 89 131]
P29 [3 17 22 26 54 63 84 98 101 114 115 125 156 157 178 208 216 217 222 243 248 262 269 287 288]
P30 [8 24 79 99 126 180 203 219 244 245 261 284]
P31 [37 38 60 102 126 159 181 185 201 245 264 266 275]
P33 [18 30 93 134 215 240]
P34 [22 34 97 120 141 175 178 194 199 211 248 255 264 278]
P35 [1 2 3 5 10 33 77 134 200 234 250 255 286]
P36 [16 40 97 105 113 173 191 234 267]
P37 [13 50 72 81 96 106 112 118 144 162 183 193 199 210 212 231 250 273]
P38 [18 25 27 55 80 85 104 112 122 128 131 156 189 191 220 239 275]
P39 [2 23 27 32 47 58 68 83 101 127 133 156 180 185 188 212 220 226 240 261]
P40 [15 24 77 134 143 154 162 168 184 197 198 207 219 228 229 252 256 261 282]
P41 [6 9 11 16 25 41 43 44 57 71 76 83 85 92 93 109 118 132 142 143 147 152 163 164 171 175 177 188 197 209 211 219 227 233 237 250 265 266 275 280]
P42 [9 73 121 125 163 195 201 212 216 226 227 228 240 244 249 269 283]
P43 [3 23 26 28 51 111 139 178 187 196 248 269]
P44 [6 29 30 75 94 151 196 215 225 236 282]
P45 [15 34 56 70 71 83 99 140 153 164 167 173 178 186 205 214 237 241 246 260 275]
P46 [3 47 79 115 180 196 206 239 251]
P47 [65 77]
P48 [1 8 17 49 60 61 62 63 65 93 104 110 114 117 125 140 146 147 160 161 176 177 187 188 205 214 216 219 225 227 236 247 253 255 262 284 285]
P49 [25 113 189 270 285]
P50 [8 48 70 127 139 156 162 184 230 246]
