P2 [2 56 91 146 164 174 197 200 241]
P3 [8 20 24 45 51 53 62 135 146 194 232]
P4 [4 40 51 62 91 116 140 146 150 158 195 205 251 255 271 279]
P5 [36 100 121 146]
P7 [64 82 208]
P8 [50 150 166 169 182 185 189 191 200 215 241 260 276 281]
P9 [71 88 118 135 146]
P11 [2 3 61 64 80 100 121 136 137 141 174 231 241 253 271]
P12 [14 41 45 146]
P13 [15 20 22 30 45 61 75 82 88 93 105 111 116 128 130 140 146 154 162 167 185 189 200 203 208 232 242 247 251 264 265 279 281 284]
P14 [2 48 56 88 93 121 138 146 279]
P15 [18 81 149 194 219]
P16 [14 20 30 36 45 56 97 108 116 117 126 140 158 164 167 200 210 231 241 261]
P17 [50 224]
P18 [23 53 61 81 97 103 127 149 218 281 284]
P19 [53 71 79 88 93 121 135 158 220 232 265]
P20 [56 116 180 206 208 237 242 271]
P21 [2 23 45 53 56 64 93 146 158 189 215 241 260 265]
P22 [158]
P24 [14 39 53 79 125 126 130 172 184 190 196 203 223 228 229 238 241 268 286]
P25 [2 12 15 28 30 36 49 77 79 103 109 117 146 215 223 228 279]
P27 [23 30 45 53 61 82 88 97 98 115 132 140 162 200 237 252 255 259]
P28 [20 61 135 182 197 225 241]
P29 [20 30 38 45 50 51 63 75 91 100 103 111 126 134 137 146 154 162 197 208 214 228 247 260 276]
P30 [1 5 14 41 242]
P31 [5 30 52 66 97 103 132 146 164 185 218 223 226 227 232 250 252 276]
P33 [41 53 57 195]
P34 [22 23 30 51 146 174 180 203 270 282]
P35 [13 14 18 20 30 53 64 79 90 146 164 185 260 284]
P36 [2 5 19 21 41 61 87 140 180 241 279]
P37 [14 40 56 75 84 91 106 121 154 166 174 181 208 219 232 241 244 260 272 273 279]
P38 [2 5 18 41 45 66 84 100 121 135 137 146 162 167 189 197 218 223 233 244 261 279 281 286]
P39 [2 5 22 41 53 61 62 75 81 133 185 274]
P40 [3 22 28 30 36 41 56 71 74 97 103 137 174 194 206 219 233 235 265 277]
P41 [4 14 20 23 30 36 38 45 48 50 61 62 71 74 75 79 88 96 100 103 105 111 115 117 135 140 146 158 169 181 185 189 194 195 205 215 219 220 232 237 241 249 253 259 261 265 267 270 284]
P42 [2 8 23 74 91 95 96 105 118 119 130 133 141 158 159 166 169 189 205 223 225 243 246 250 251 252 257 260 261 281 286 287 288]
P43 [29 98 167 189 207 233]
P44 [2 8 41 45 65 98 105 129 149 174 177 183 185 189 200 206 209 212 261 279]
P45 [2 15 50 53 84 88 159 250 259 281]
P46 [18 41 42 64 106 126 140 146 163 198 210 247]
P47 [56 242 270]
P48 [2 4 10 15 17 29 30 41 45 66 81 83 89 98 108 115 121 146 149 185 189 200 205 207 232 233 237 242 265 270 271 284]
P49 [174 189 194]
P50 [15 45 53 61 64 66 75 80 111 135 146 168 189 232 279]
